8.245000000000000284e+01 1.085000000000000000e+02 1.903000000000000114e+02 3.750599999999999909e+03 3.781250000000000000e+03 1.345500000000000114e+02 5.075000000000000000e+01 1.110000000000000000e+02
6.110000000000000142e+01 7.645000000000000284e+01 1.736999999999999886e+02 3.805800000000000182e+03 2.083750000000000000e+03 8.834999999999999432e+01 3.595000000000000284e+01 1.063499999999999943e+02
7.659999999999999432e+01 9.675000000000000000e+01 2.779499999999999886e+02 3.836300000000000182e+03 9.136000000000000227e+02 9.840000000000000568e+01 4.510000000000000142e+01 1.137500000000000000e+02
8.329999999999999716e+01 1.209500000000000028e+02 4.476000000000000227e+02 3.846099999999999909e+03 3.612500000000000000e+02 1.022500000000000000e+02 4.995000000000000284e+01 1.122500000000000000e+02
7.400000000000000000e+01 1.239500000000000028e+02 9.898500000000000227e+02 3.838800000000000182e+03 1.643499999999999943e+02 8.959999999999999432e+01 4.935000000000000142e+01 1.140999999999999943e+02
7.079999999999999716e+01 1.416500000000000057e+02 1.966549999999999955e+03 3.801199999999999818e+03 8.979999999999999716e+01 8.350000000000000000e+01 6.650000000000000000e+01 1.112999999999999972e+02
6.484999999999999432e+01 1.877500000000000000e+02 3.740449999999999818e+03 3.762150000000000091e+03 5.175000000000000000e+01 6.559999999999999432e+01 1.049000000000000057e+02 1.048499999999999943e+02
8.025000000000000000e+01 4.393500000000000227e+02 3.798849999999999909e+03 2.517400000000000091e+03 4.464999999999999858e+01 6.200000000000000000e+01 1.058499999999999943e+02 6.970000000000000284e+01
1.094000000000000057e+02 1.119400000000000091e+03 3.821750000000000000e+03 8.632500000000000000e+02 4.904999999999999716e+01 6.479999999999999716e+01 1.052999999999999972e+02 2.685000000000000142e+01
2.067500000000000000e+02 2.501550000000000182e+03 3.816000000000000000e+03 3.554499999999999886e+02 6.254999999999999716e+01 1.248499999999999943e+02 1.145000000000000000e+02 4.679999999999999716e+01
3.938000000000000114e+02 3.768500000000000000e+03 3.811199999999999818e+03 2.243000000000000114e+02 6.825000000000000000e+01 1.530999999999999943e+02 1.150000000000000000e+02 5.739999999999999858e+01
9.008500000000000227e+02 3.816199999999999818e+03 3.785199999999999818e+03 1.668000000000000114e+02 6.740000000000000568e+01 1.538000000000000114e+02 1.142999999999999972e+02 7.965000000000000568e+01
2.791300000000000182e+03 3.861150000000000091e+03 3.751550000000000182e+03 1.323499999999999943e+02 1.087000000000000028e+02 1.526500000000000057e+02 1.136500000000000057e+02 1.311999999999999886e+02
3.753449999999999818e+03 3.856300000000000182e+03 2.146300000000000182e+03 1.252999999999999972e+02 1.337500000000000000e+02 1.511500000000000057e+02 8.229999999999999716e+01 2.513000000000000114e+02
3.818250000000000000e+03 3.853650000000000091e+03 1.157650000000000091e+03 1.285999999999999943e+02 1.389000000000000057e+02 1.545000000000000000e+02 8.434999999999999432e+01 5.751499999999999773e+02
3.856300000000000182e+03 3.813199999999999818e+03 5.927500000000000000e+02 1.107000000000000028e+02 1.396500000000000057e+02 1.548499999999999943e+02 1.075000000000000000e+02 1.557650000000000091e+03
3.858349999999999909e+03 3.739400000000000091e+03 3.373000000000000114e+02 8.159999999999999432e+01 1.371999999999999886e+02 1.540000000000000000e+02 2.095500000000000114e+02 3.728199999999999818e+03
3.850599999999999909e+03 2.693550000000000182e+03 2.291999999999999886e+02 7.420000000000000284e+01 1.357500000000000000e+02 1.374499999999999886e+02 4.814499999999999886e+02 3.828349999999999909e+03
3.777699999999999818e+03 1.060200000000000045e+03 2.426999999999999886e+02 1.050499999999999972e+02 1.391999999999999886e+02 1.177999999999999972e+02 1.248599999999999909e+03 3.875099999999999909e+03
3.721699999999999818e+03 5.026499999999999773e+02 2.164000000000000057e+02 1.044000000000000057e+02 1.383000000000000114e+02 1.530000000000000000e+02 2.963750000000000000e+03 3.895550000000000182e+03
3.662849999999999909e+03 2.536999999999999886e+02 1.916500000000000057e+02 9.145000000000000284e+01 1.327500000000000000e+02 2.389000000000000057e+02 3.806650000000000091e+03 3.893500000000000000e+03
1.465049999999999955e+03 1.920500000000000114e+02 1.547500000000000000e+02 7.404999999999999716e+01 7.420000000000000284e+01 4.378999999999999773e+02 3.847849999999999909e+03 3.866150000000000091e+03
6.381000000000000227e+02 1.414000000000000057e+02 1.668000000000000114e+02 9.634999999999999432e+01 6.370000000000000284e+01 9.602500000000000000e+02 3.879050000000000182e+03 3.816099999999999909e+03
3.078999999999999773e+02 1.197000000000000028e+02 1.272999999999999972e+02 6.250000000000000000e+01 6.595000000000000284e+01 2.041299999999999955e+03 3.881650000000000091e+03 3.758699999999999818e+03
1.514499999999999886e+02 1.156500000000000057e+02 1.272000000000000028e+02 6.634999999999999432e+01 7.909999999999999432e+01 3.770550000000000182e+03 3.873400000000000091e+03 1.974799999999999955e+03
1.440999999999999943e+02 1.137999999999999972e+02 1.676999999999999886e+02 9.779999999999999716e+01 1.190499999999999972e+02 3.828300000000000182e+03 3.840500000000000000e+03 8.989500000000000455e+02
1.367500000000000000e+02 1.042999999999999972e+02 1.580500000000000114e+02 7.965000000000000568e+01 1.843499999999999943e+02 3.850699999999999818e+03 3.769050000000000182e+03 3.761999999999999886e+02
1.275000000000000000e+02 1.052999999999999972e+02 1.734000000000000057e+02 1.055499999999999972e+02 4.000500000000000114e+02 3.851250000000000000e+03 2.109900000000000091e+03 2.076999999999999886e+02
9.165000000000000568e+01 1.051500000000000057e+02 1.735000000000000000e+02 1.059000000000000057e+02 7.487500000000000000e+02 3.826150000000000091e+03 7.152999999999999545e+02 1.265999999999999943e+02
8.090000000000000568e+01 1.030000000000000000e+02 1.721500000000000057e+02 1.211500000000000057e+02 2.153050000000000182e+03 3.825199999999999818e+03 3.530000000000000000e+02 7.265000000000000568e+01
7.875000000000000000e+01 1.037000000000000028e+02 1.718000000000000114e+02 1.276500000000000057e+02 3.702449999999999818e+03 3.774550000000000182e+03 1.646500000000000057e+02 1.043499999999999943e+02
7.484999999999999432e+01 9.284999999999999432e+01 1.481500000000000057e+02 1.331500000000000057e+02 3.807800000000000182e+03 2.247050000000000182e+03 9.884999999999999432e+01 7.979999999999999716e+01
7.609999999999999432e+01 1.012000000000000028e+02 1.701999999999999886e+02 2.382500000000000000e+02 3.810250000000000000e+03 8.356499999999999773e+02 7.470000000000000284e+01 5.250000000000000000e+01
7.604999999999999716e+01 1.010499999999999972e+02 1.706500000000000057e+02 4.386999999999999886e+02 3.844150000000000091e+03 3.965500000000000114e+02 8.159999999999999432e+01 5.204999999999999716e+01
7.509999999999999432e+01 1.007999999999999972e+02 1.710500000000000114e+02 9.488500000000000227e+02 3.853199999999999818e+03 2.269000000000000057e+02 6.959999999999999432e+01 5.360000000000000142e+01
7.795000000000000284e+01 1.007999999999999972e+02 1.755000000000000000e+02 2.227849999999999909e+03 3.814550000000000182e+03 1.515000000000000000e+02 5.114999999999999858e+01 7.795000000000000284e+01
